1
72
112
147
155
158
180
193
200
268
272
345
394
438
470
529
563
574
582
594
594
602
673
675
697
752
798
798
814
831
837
865
868
916
937
961
973
989
994
1011
1022
1048
1149
1168
1180
1199
1201
1210
1287
1311
1356
1399
1423
1451
1463
1468
1473
1487
1519
1544
1579
1582
1594
1595
1597
1633
1641
1641
1673
1751
1766
1781
1784
1862
1902
1903
1910
1929
1961
2006
2015
2053
2070
2113
2161
2173
2181
2189
2190
2201
2224
2248
2254
2257
2330
2341
2404
2410
2437
2461
2463
2465
2475
2499
2520
2533
2538
2540
2550
2553
2554
2578
2594
2601
2606
2616
2639
2646
2654
2660
2676
2731
2777
2792
2808
2860
2861
2893
2913
2923
2923
2925
2935
2953
2961
2986
3007
3038
3068
3071
3106
3132
3138
3153
3154
3185
3234
3235
3255
3257
3265
3268
3302
3304
3315
3330
3339
3358
3360
3394
3426
3439
3446
3466
3521
3547
3580
3595
3610
3614
3625
3638
3639
3651
3698
3700
3704
3723
3744
3765
3810
3811
3815
3843
3845
3847
3863
3876
3877
3886
3905
3918
3926
3934
3941
3996
4003
4024
4051
4059
4079
4099
4128
4143
4144
4171
4173
4214
4222
4224
4237
4252
4287
4300
4325
4383
4384
4400
4434
4449
4453
4455
4467
4557
4585
4586
4613
4615
4622
4623
4637
4641
4701
4739
4768
4780
4787
4809
4846
4870
4892
4897
4904
4915
4942
4959
4970
4995
5003
5042
5049
5060
5078
5083
5118
5132
5148
5156
5159
5198
5238
5269
5279
5296
5347
5360
5376
5406
5458
5491
5492
5566
5668
5671
5678
5700
5738
5778
5821
5858
5873
5877
5884
5889
5900
5905
5912
5968
5971
5984
6005
6047
6113
6137
6145
6149
6172
6174
6184
6234
6237
6275
6289
6321
6333
6345
6365
6368
6381
6385
6441
6445
6452
6458
6496
6530
6532
6542
6665
6668
6704
6706
6721
6746
6752
6755
6777
6796
6840
6842
6852
6859
6870
6892
6893
6906
6910
6930
6961
6974
7000
7061
7070
7107
7126
7127
7156
7160
7166
7174
7178
7202
7220
7220
7239
7267
7279
7313
7320
7360
7375
7377
7410
7411
7420
7428
7433
7499
7581
7590
7605
7630
7644
7652
7664
7698
7732
7747
7825
7830
7840
7848
7853
7856
7858
7858
7875
7878
7898
7927
7932
7948
7952
7972
7981
7996
8001
8014
8032
8036
8041
8080
8080
8084
8098
8110
8174
8209
8215
8221
8236
8262
8278
8297
8322
8345
8360
8373
8397
8430
8493
8503
8522
8523
8601
8648
8672
8679
8681
8692
8711
8741
8755
8762
8772
8778
8781
8795
8808
8819
8836
8859
8896
8919
8928
8970
9005
9024
9059
9064
9094
9105
9111
9114
9120
9122
9166
9211
9217
9221
9253
9296
9319
9329
9336
9338
9347
9368
9385
9386
9425
9446
9459
9493
9507
9536
9557
9582
9588
9609
9620
9646
9654
9656
9716
9743
9751
9751
9752
9797
9806
9856
9858
9878
9883
9901
9913
9946
9966
9966
