54
102
112
144
232
236
315
365
396
408
421
470
497
623
675
750
751
775
810
821
845
990
993
1054
1166
1168
1232
1273
1280
1289
1315
1426
1446
1494
1519
1611
1678
1699
1809
1810
1813
1815
1875
1934
1938
1958
1974
2065
2100
2112
2115
2189
2412
2503
2541
2545
2677
2711
2724
2830
2833
2874
2965
2981
3017
3042
3142
3183
3210
3236
3288
3294
3315
3381
3402
3515
3540
3571
3618
3630
3648
3702
3732
3755
3836
3873
3940
3985
4009
4022
4280
4287
4288
4385
4396
4427
4516
4518
4547
4651
4667
4692
4760
4962
5004
5051
5114
5195
5252
5358
5372
5385
5436
5441
5468
5469
5537
5562
5568
5595
5725
6018
6084
6245
6255
6257
6259
6286
6314
6345
6441
6507
6539
6544
6617
6693
6779
6848
6890
6920
6962
7190
7202
7215
7357
7437
7535
7627
7635
7648
7679
7793
7813
7814
7842
7861
7891
7914
7955
8035
8084
8121
8124
8192
8410
8415
8429
8555
8556
8584
8657
8680
8706
8765
8790
8888
8900
8915
8939
9076
9106
9142
9289
9317
9336
9339
9396
9436
9450
9454
9465
9552
9573
9729
9749
9752
9840
9943
9944
9971
